bin01_ComSq_F3	bin02_ComPh_F3	bin04_RareSq_F3	bin05_RarePh_F3	bin07_ComAve_F3	bin08_RareAve_F3	bin09_PhAve_F3	bin010_SqAve_F3	bin012_Sqdiff_F3	bin13_PhDiff_F3	bin15_RCAveDiff_F3	bin16_PSAveDiff_F3		   ERPset
  2.744	  1.356	   0.282	   2.835	   1.861	    0.478	  2.096	  1.513	  -2.462	   1.480	     -1.383	      0.583	TECH4002_ERPs_filt
  3.498	  3.626	   7.860	   6.077	   3.746	    5.319	  4.852	  5.679	   4.362	   2.451	      1.573	     -0.828	TECH4005_ERPs_filt
  0.103	  1.141	   2.435	   2.601	   0.801	    3.188	  1.871	  1.269	   2.332	   1.460	      2.387	      0.602	TECH4006_ERPs_filt
 12.850	 13.140	  11.311	   9.057	  13.096	   11.699	 11.098	 12.081	  -1.538	  -4.083	     -1.397	     -0.982	TECH4007_ERPs_filt
  5.978	  7.972	   7.451	   3.235	   6.754	    5.265	  5.604	  6.715	   1.474	  -4.737	     -1.489	     -1.111	TECH4008_ERPs_filt
  5.025	  6.054	   3.982	   4.869	   5.606	    4.272	  5.462	  4.503	  -1.043	  -1.185	     -1.334	      0.958	TECH4011_ERPs_filt
  9.766	  8.796	  13.304	   9.022	   9.982	   10.010	  8.909	 11.535	   3.539	   0.226	      0.028	     -2.626	TECH4013_ERPs_filt
  1.319	 -0.219	  -1.906	   0.813	   0.057	   -0.100	  0.297	 -0.293	  -3.226	   1.032	     -0.157	      0.591	TECH4014_ERPs_filt
  9.387	 10.503	   8.996	   8.830	   8.902	    8.642	  9.666	  9.192	  -0.391	  -1.674	     -0.260	      0.475	TECH4015_ERPs_filt
  7.462	  7.714	   9.708	   4.236	   7.798	    7.242	  5.975	  8.585	   2.246	  -3.478	     -0.556	     -2.610	TECH4016_ERPs_filt
  5.325	  4.353	   3.694	   4.423	   4.988	    5.192	  4.388	  4.509	  -1.631	   0.070	      0.204	     -0.121	TECH4017_ERPs_filt
  9.006	  9.851	  10.059	   9.041	   9.430	    9.392	  9.446	  9.533	   1.053	  -0.809	     -0.038	     -0.087	TECH4018_ERPs_filt
  5.691	  6.805	   5.265	   4.986	   6.220	    4.988	  5.896	  5.478	  -0.427	  -1.818	     -1.232	      0.417	TECH4019_ERPs_filt
  2.992	  2.541	   2.388	   4.106	   2.335	    2.722	  3.324	  2.690	  -0.604	   1.566	      0.388	      0.634	TECH4021_ERPs_filt
  2.066	  1.544	   2.436	   1.597	   1.631	    2.233	  1.571	  2.251	   0.370	   0.052	      0.602	     -0.680	TECH4022_ERPs_filt
  5.233	  6.095	   3.078	  -0.647	   6.144	    1.667	  2.724	  4.155	  -2.154	  -6.742	     -4.477	     -1.432	TECH4024_ERPs_filt
  9.439	  7.702	   8.274	   8.681	   8.600	    8.722	  8.191	  8.856	  -1.165	   0.979	      0.122	     -0.665	TECH4025_ERPs_filt
  2.655	  1.822	   5.073	   3.777	   2.173	    4.017	  2.800	  3.864	   2.419	   1.955	      1.844	     -1.064	TECH4026_ERPs_filt
  6.790	  7.744	   7.921	   7.302	   7.388	    6.582	  7.523	  7.356	   1.131	  -0.442	     -0.806	      0.168	TECH4028_ERPs_filt
 -0.755	 -2.257	  -3.947	   2.392	  -0.714	   -0.791	  0.067	 -2.351	  -3.192	   4.649	     -0.077	      2.418	TECH4029_ERPs_filt
 -1.030	  0.051	  -0.693	  -1.809	  -1.001	   -1.215	 -0.879	 -0.861	   0.337	  -1.859	     -0.215	     -0.018	TECH4030_ERPs_filt
  5.344	  5.520	   6.656	   5.573	   5.861	    5.519	  5.546	  6.000	   1.312	   0.053	     -0.342	     -0.454	TECH4031_ERPs_filt
  6.864	  7.426	   8.962	   4.277	   7.685	    8.182	  5.851	  7.913	   2.098	  -3.149	      0.497	     -2.062	TECH4032_ERPs_filt
  1.672	  1.638	   4.518	   0.104	   1.140	    1.813	  0.871	  3.095	   2.846	  -1.534	      0.673	     -2.225	TECH4034_ERPs_filt
  8.631	  8.409	   7.308	  11.224	   8.465	    9.447	  9.817	  7.970	  -1.323	   2.815	      0.982	      1.847	TECH4035_ERPs_filt
  2.833	  2.008	   1.801	   2.218	   2.428	    1.724	  2.113	  2.317	  -1.031	   0.209	     -0.703	     -0.204	TECH4036_ERPs_filt
  2.441	  3.713	   6.818	   4.140	   3.356	    5.334	  3.927	  4.630	   4.377	   0.427	      1.978	     -0.703	TECH4037_ERPs_filt
  3.265	  4.970	   6.122	   0.820	   4.190	    4.311	  2.895	  4.694	   2.857	  -4.149	      0.122	     -1.799	TECH4038_ERPs_filt
  2.973	  5.668	  15.276	  10.391	   4.212	   10.981	  8.029	  9.124	  12.304	   4.723	      6.769	     -1.095	TECH4039_ERPs_filt
 -3.733	 -2.395	  -5.173	  -7.333	  -3.077	   -5.224	 -4.864	 -4.453	  -1.440	  -4.937	     -2.147	     -0.411	TECH4040_ERPs_filt
  7.782	  6.241	   4.008	   7.003	   6.689	    5.991	  6.622	  5.895	  -3.774	   0.762	     -0.698	      0.727	TECH4041_ERPs_filt
  4.533	  2.758	   5.599	   0.986	   3.627	    2.328	  1.872	  5.066	   1.066	  -1.772	     -1.298	     -3.194	TECH4043_ERPs_filt
  1.817	  1.886	  -1.112	  -0.092	   2.220	   -0.108	  0.897	  0.352	  -2.930	  -1.978	     -2.328	      0.544	TECH4044_ERPs_filt
  5.670	  5.165	   8.400	   3.453	   5.532	    7.516	  4.309	  7.035	   2.730	  -1.711	      1.984	     -2.726	TECH4045_ERPs_filt
  3.313	  1.660	  -0.557	   5.415	   2.604	    1.689	  3.538	  1.378	  -3.870	   3.755	     -0.915	      2.159	TECH4047_ERPs_filt
  5.218	  5.625	   7.303	   0.821	   5.298	    4.717	  3.223	  6.260	   2.085	  -4.804	     -0.581	     -3.037	TECH4048_ERPs_filt
 -0.861	 -0.355	   1.950	  -2.526	   0.002	    0.708	 -1.440	  0.544	   2.812	  -2.171	      0.706	     -1.985	TECH4050_ERPs_filt
  4.553	  4.333	   3.663	   3.760	   4.334	    3.711	  4.046	  4.108	  -0.890	  -0.572	     -0.623	     -0.061	TECH4052_ERPs_filt
  2.875	  4.312	   2.175	   5.440	   3.444	    3.042	  4.876	  2.525	  -0.701	   1.128	     -0.402	      2.351	TECH4053_ERPs_filt
 -0.930	  0.246	  -3.074	  -2.802	  -0.155	   -4.341	 -1.278	 -2.002	  -2.144	  -3.048	     -4.187	      0.725	TECH4054_ERPs_filt
 -0.582	  0.262	   0.305	  -3.327	  -0.030	   -1.183	 -1.533	 -0.139	   0.886	  -3.589	     -1.152	     -1.394	TECH4055_ERPs_filt
  5.331	  5.322	   4.573	   5.952	   5.194	    5.264	  5.637	  4.952	  -0.758	   0.630	      0.070	      0.686	TECH4056_ERPs_filt
  5.750	  5.909	   5.072	   6.592	   5.803	    4.762	  6.251	  5.411	  -0.678	   0.683	     -1.041	      0.840	TECH4057_ERPs_filt
  8.748	  8.753	   9.889	   8.488	   8.900	    8.760	  8.621	  9.319	   1.142	  -0.265	     -0.140	     -0.698	TECH4058_ERPs_filt
  1.220	  0.915	  -4.028	   0.426	   0.987	   -0.613	  0.671	 -1.404	  -5.249	  -0.489	     -1.600	      2.075	TECH4060_ERPs_filt
  5.333	  3.907	   6.766	   8.884	   5.047	    5.906	  6.395	  6.049	   1.432	   4.977	      0.859	      0.346	TECH4061_ERPs_filt
 -1.955	  1.319	  -2.665	  -2.341	   0.209	   -3.239	 -0.511	 -2.310	  -0.709	  -3.661	     -3.448	      1.799	TECH4062_ERPs_filt
  1.042	  1.481	   3.474	  -1.545	   0.902	    0.875	 -0.032	  2.258	   2.431	  -3.026	     -0.027	     -2.290	TECH4063_ERPs_filt
  4.655	  4.567	   4.116	   5.400	   4.516	    4.552	  4.984	  4.385	  -0.538	   0.833	      0.036	      0.598	TECH4065_ERPs_filt
  6.190	  5.337	   1.472	   1.585	   5.753	    2.735	  3.461	  3.831	  -4.718	  -3.752	     -3.019	     -0.370	TECH4066_ERPs_filt
  4.591	  1.256	   7.633	   3.757	   3.206	    4.413	  2.507	  6.112	   3.042	   2.501	      1.206	     -3.605	TECH4068_ERPs_filt
  3.372	  3.626	   2.300	   3.566	   3.206	    2.710	  3.596	  2.836	  -1.072	  -0.060	     -0.497	      0.760	TECH4069_ERPs_filt
  3.550	  5.380	   7.280	   2.555	   4.339	    4.308	  3.967	  5.415	   3.730	  -2.825	     -0.032	     -1.448	TECH4070_ERPs_filt
 10.534	  7.471	  12.660	   6.215	   8.672	    9.605	  6.843	 11.597	   2.127	  -1.256	      0.932	     -4.754	TECH4071_ERPs_filt
